---
build/images/01_bg.jpg: 2017-06-03 01:42:32.000000000 +03:00
build/images/02_bg.jpg: 2017-06-03 01:42:32.000000000 +03:00
build/images/03_bg.jpg: 2017-06-03 01:42:32.000000000 +03:00
build/images/04_1.jpg: 2017-06-03 01:42:32.000000000 +03:00
build/images/04_bg.jpg: 2017-06-03 01:42:32.000000000 +03:00
build/images/bg/1.jpg: 2017-06-13 21:28:43.000000000 +03:00
build/images/bg/2.jpg: 2017-06-13 21:28:43.000000000 +03:00
build/images/bg/3.jpg: 2017-06-13 21:28:43.000000000 +03:00
build/images/bg/4.jpg: 2017-06-13 21:28:43.000000000 +03:00
build/images/upd/1a.jpg: 2017-06-10 00:14:01.000000000 +03:00
build/images/upd/2a.jpg: 2017-06-10 00:14:01.000000000 +03:00
build/images/upd/3a.jpg: 2017-06-10 00:14:01.000000000 +03:00
build/images/upd/3b.jpg: 2017-06-10 00:14:02.000000000 +03:00
build/images/upd/3c.jpg: 2017-06-10 00:14:02.000000000 +03:00
build/images/upd/4-2a.jpg: 2017-06-10 00:14:02.000000000 +03:00
build/images/upd/5a.jpg: 2017-06-13 21:28:42.000000000 +03:00
build/images/upd/6.jpg: 2017-06-13 21:28:42.000000000 +03:00
